function [cop,N]  = compressor(tcp,tep)


tc=tcp+5;
te=tep-5;
% if tc>60
%     tc=60;
% end
% 
% if te>15
%     te=15;
% end
% cop=12.96636923-0.346228474*tc+0.003550584*tc^2-1.42E-05*tc^3-0.009068714*tc*te+5.32E-05*tc^2*te-5.33E-05*tc*te^2+0.437237056*te+0.004395592*te^2+3.35E-06*te^3;
a=[0.355730493538101,0.00290568602402042,7.80848393143544e-06,-0.00649386770931801,-2.86932649961164e-05,2.84838408559512e-05,-0.298468302328289,0.00229721676682851,-5.09413836689609e-06,12.5790083150459];
cop=a*[te,te.^2,te.^3,te.*tc,te.^2.*tc,te.*tc.^2,tc,tc.^2,tc.^3,1]';
% Qe=0.000003621566368*tc^3 - 0.00002374161806*tc^2*te - 0.0009801456782*tc^2 - 0.00003337406966*tc*te^2 - 0.001495493199*tc*te - 0.05009949964*tc + 0.000005585148377*te^3 + 0.007269938713*te^2 + 0.5116905676*te + 13.10325878;
% Qc=Qe/cop*(cop+1);
b=[0.0218805978240273,0.000483185908426506,6.74446173121196e-07,-0.000798340998020333,-1.15594389221227e-05,7.82331795213228e-06,0.0517473014996817,-0.000193534573197318,1.17391908912391e-05,1.53278574536834];
% N=0.006321255685*tc^3 + 0.006448152522*tc^2*te + 0.2413273437*tc^2 - 0.01824169664*tc*te^2 - 0.8464344412*tc*te + 33.55031612*tc + 0.02302243111*te^3 + 0.803636258*te^2 + 27.34601324*te + 1651.684598;
N=b*[te,te.^2,te.^3,te.*tc,te.^2.*tc,te.*tc.^2,tc,tc.^2,tc.^3,1]'*1000;
N=N*2;
end